14546563359042952592
13249647945730874806
12518343596486297980
4664320521133151468
5862014215582323024
6245060724634430982
14666192418661404097
13504601143472765134
12009316668577830277
10851700257265667032
5862014215582323024
6245060724634430982
11714212256306480733
13249647945730874806
8179192958610685179
13249647945730874806
12518343596486297980
6245060724634430982
12009316668577830277
14666192418661404097
12617058982418137631
6245060724634430982
13913848018174762973
5862014215582323024
4664320521133151468
12617058982418137631
7391347415866414921
6245060724634430982
625975090534689284
13249647945730874806
3076176964588508277
12009316668577830277
4664320521133151468
625975090534689284
12617058982418137631
4664320521133151468
12617058982418137631
10851700257265667032
12518343596486297980
6245060724634430982
13913848018174762973
11714212256306480733
14666192418661404097
13504601143472765134
14666192418661404097
12009316668577830277
625975090534689284
14666192418661404097
3076176964588508277
7630008748067586256
6245060724634430982
4664320521133151468
8179192958610685179
14666192418661404097
12617058982418137631
9755925506367811865
2233390762753553608
11042780570638076981
13249647945730874806
3076176964588508277
4664320521133151468
625975090534689284
6245060724634430982
13913848018174762973
10851700257265667032
7630008748067586256
10851700257265667032
4664320521133151468
6245060724634430982
13913848018174762973
10851700257265667032
7630008748067586256
10851700257265667032
4664320521133151468
7391347415866414921
6245060724634430982
13504601143472765134
4664320521133151468
8179192958610685179
8179192958610685179
4664320521133151468
3076176964588508277
12617058982418137631
4664320521133151468
12009316668577830277
2680966423183433152
10851700257265667032
4664320521133151468
6245060724634430982
13913848018174762973
12617058982418137631
6245060724634430982
5862014215582323024
13249647945730874806
8179192958610685179
8179192958610685179
14666192418661404097
12009316668577830277
6245060724634430982
3076176964588508277
13249647945730874806
3076176964588508277
7391347415866414921
6245060724634430982
4664320521133151468
10851700257265667032
14666192418661404097
12009316668577830277
5862014215582323024
13249647945730874806
11714212256306480733
6245060724634430982
13913848018174762973
625975090534689284
6245060724634430982
4664320521133151468
753959481881142865
9755925506367811865
2233390762753553608
6743560777598697154
10851700257265667032
8179192958610685179
8179192958610685179
13913848018174762973
6245060724634430982
12009316668577830277
13249647945730874806
8179192958610685179
8179192958610685179
14666192418661404097
625975090534689284
14666192418661404097
12617058982418137631
10851700257265667032
11714212256306480733
14666192418661404097
3076176964588508277
6245060724634430982
625975090534689284
13249647945730874806
3076176964588508277
7630008748067586256
10851700257265667032
4664320521133151468
6245060724634430982
10851700257265667032
12518343596486297980
3076176964588508277
13913848018174762973
7391347415866414921
6245060724634430982
4664320521133151468
7630008748067586256
4664320521133151468
12617058982418137631
6245060724634430982
10851700257265667032
8179192958610685179
8179192958610685179
13913848018174762973
5862014215582323024
625975090534689284
13249647945730874806
12518343596486297980
13504601143472765134
4664320521133151468
12518343596486297980
6245060724634430982
8179192958610685179
13249647945730874806
12518343596486297980
4664320521133151468
5862014215582323024
6245060724634430982
625975090534689284
13249647945730874806
3076176964588508277
10181860231248425850
13913848018174762973
8179192958610685179
8179192958610685179
14666192418661404097
12009316668577830277
6245060724634430982
12009316668577830277
14666192418661404097
12617058982418137631
6245060724634430982
13913848018174762973
5862014215582323024
4664320521133151468
12617058982418137631
9755925506367811865
2233390762753553608
7828349527725244684
14666192418661404097
10181860231248425850
13913848018174762973
5862014215582323024
10851700257265667032
12009316668577830277
6245060724634430982
12009316668577830277
625975090534689284
4664320521133151468
8179192958610685179
4664320521133151468
12518343596486297980
14666192418661404097
12009316668577830277
2680966423183433152
10851700257265667032
4664320521133151468
6245060724634430982
2680966423183433152
10851700257265667032
14666192418661404097
12009316668577830277
6245060724634430982
8179192958610685179
13913848018174762973
625975090534689284
10851700257265667032
12009316668577830277
6245060724634430982
12009316668577830277
4664320521133151468
11714212256306480733
6245060724634430982
12518343596486297980
8641063106545588739
13249647945730874806
3076176964588508277
625975090534689284
10851700257265667032
12009316668577830277
9755925506367811865
2233390762753553608
2425429247071350318
12518343596486297980
13249647945730874806
14666192418661404097
3076176964588508277
6245060724634430982
625975090534689284
13249647945730874806
5862014215582323024
5862014215582323024
13249647945730874806
11714212256306480733
13249647945730874806
6245060724634430982
4664320521133151468
8179192958610685179
14666192418661404097
12617058982418137631
6245060724634430982
4664320521133151468
7630008748067586256
4664320521133151468
12617058982418137631
6245060724634430982
13913848018174762973
10851700257265667032
625975090534689284
12617058982418137631
13249647945730874806
12518343596486297980
6245060724634430982
8179192958610685179
13249647945730874806
11481028210351169280
13249647945730874806
12518343596486297980
12617058982418137631
14666192418661404097
12009316668577830277
9755925506367811865
2233390762753553608
4258140953692232304
4664320521133151468
11714212256306480733
6245060724634430982
10181860231248425850
10851700257265667032
8179192958610685179
13504601143472765134
10851700257265667032
12617058982418137631
13913848018174762973
12617058982418137631
4664320521133151468
6245060724634430982
11714212256306480733
10851700257265667032
14666192418661404097
6245060724634430982
13913848018174762973
6245060724634430982
10181860231248425850
4664320521133151468
8179192958610685179
14666192418661404097
12617058982418137631
6245060724634430982
5862014215582323024
13249647945730874806
8179192958610685179
4664320521133151468
12009316668577830277
12617058982418137631
14666192418661404097
4664320521133151468
7391347415866414921
6245060724634430982
10181860231248425850
4664320521133151468
8179192958610685179
6245060724634430982
8179192958610685179
13249647945730874806
11481028210351169280
13249647945730874806
12518343596486297980
12617058982418137631
14666192418661404097
12009316668577830277
6245060724634430982
13249647945730874806
12518343596486297980
625975090534689284
14666192418661404097
6245060724634430982
12617058982418137631
4664320521133151468
5862014215582323024
13504601143472765134
13249647945730874806
12518343596486297980
9755925506367811865
2233390762753553608
2425429247071350318
4664320521133151468
8179192958610685179
8179192958610685179
4664320521133151468
3076176964588508277
12617058982418137631
4664320521133151468
12009316668577830277
2680966423183433152
10851700257265667032
4664320521133151468
6245060724634430982
12009316668577830277
13913848018174762973
7630008748067586256
14666192418661404097
12617058982418137631
12617058982418137631
14666192418661404097
12009316668577830277
6245060724634430982
4664320521133151468
12518343596486297980
13913848018174762973
12617058982418137631
6245060724634430982
12009316668577830277
14666192418661404097
12617058982418137631
6245060724634430982
13913848018174762973
5862014215582323024
4664320521133151468
12617058982418137631
6245060724634430982
13913848018174762973
8179192958610685179
14666192418661404097
2680966423183433152
10851700257265667032
13913848018174762973
5862014215582323024
6245060724634430982
625975090534689284
10851700257265667032
12518343596486297980
12009316668577830277
10851700257265667032
12009316668577830277
9755925506367811865
6245060724634430982
12637879916502584135
12518343596486297980
13913848018174762973
12009316668577830277
6245060724634430982
12009316668577830277
4664320521133151468
11714212256306480733
6245060724634430982
4664320521133151468
12009316668577830277
12617058982418137631
6245060724634430982
3076176964588508277
10851700257265667032
8179192958610685179
8179192958610685179
13913848018174762973
9755925506367811865
2233390762753553608
2425429247071350318
12518343596486297980
13249647945730874806
14666192418661404097
3076176964588508277
6245060724634430982
10181860231248425850
14666192418661404097
12617058982418137631
13913848018174762973
4664320521133151468
6245060724634430982
625975090534689284
13249647945730874806
3076176964588508277
10181860231248425850
13913848018174762973
8179192958610685179
8179192958610685179
14666192418661404097
12009316668577830277
6245060724634430982
10851700257265667032
12518343596486297980
3076176964588508277
13913848018174762973
9755925506367811865
6245060724634430982
14792293403028737192
4664320521133151468
3076176964588508277
4664320521133151468
13913848018174762973
3076176964588508277
6245060724634430982
5862014215582323024
13913848018174762973
10851700257265667032
12518343596486297980
14666192418661404097
12009316668577830277
6245060724634430982
5862014215582323024
4664320521133151468
12617058982418137631
10851700257265667032
12009316668577830277
7391347415866414921
6245060724634430982
13504601143472765134
8179192958610685179
13913848018174762973
625975090534689284
4664320521133151468
12518343596486297980
13913848018174762973
12617058982418137631
6245060724634430982
12518343596486297980
8641063106545588739
13249647945730874806
3076176964588508277
625975090534689284
10851700257265667032
12009316668577830277
6245060724634430982
11714212256306480733
10851700257265667032
14666192418661404097
6245060724634430982
10851700257265667032
12617058982418137631
7391347415866414921
6245060724634430982
11714212256306480733
13913848018174762973
13504601143472765134
14666192418661404097
11481028210351169280
10851700257265667032
12009316668577830277
6245060724634430982
13913848018174762973
10851700257265667032
625975090534689284
12617058982418137631
13249647945730874806
12518343596486297980
6245060724634430982
10851700257265667032
12518343596486297980
3076176964588508277
13913848018174762973
9755925506367811865